[
39.676780700683594,
-4.054343894153841
],
[
39.680471420288086,
-4.0457822596518875
],
[
39.674034118652344,
-4.045439792388351
],
[
39.67240333557129,
-4.041587025700949
],
[
39.67617988586426,
-4.0379910936103
],
[
39.67592239379883,
-4.034138291548425
],
[
39.670515060424805,
-4.033025256439186
],
[
39.66742515563965,
-4.0290868122761
],
[
39.65566635131836,
-4.029172430830303
],
[
39.64871406555176,
-4.03773424070831
],
[
39.6401309967041,
-4.035850650277171
],
[
39.640560150146484,
-4.04526855870231
],
[
39.645538330078125,
-4.050833634964933
],
[
39.64682579040527,
-4.061963672600337
],
[
39.66742515563965,
-4.081226836208576
],
[
39.67429161071777,
-4.0803707054000204
],
[
39.68416213989258,
-4.072151803233546
],
[
39.68158721923828,
-4.058881523685903
],
[
39.676780700683594,
-4.054343894153841
]
