[
37.068729400634766,
-1.0244205126966328
],
[
37.065467834472656,
-1.028024823398558
],
[
37.063751220703125,
-1.0395242636084936
],
[
37.0649528503418,
-1.0420987594270457
],
[
37.07233428955078,
-1.0438150888040458
],
[
37.08761215209961,
-1.0551428391263011
],
[
37.09550857543945,
-1.0510236619401294
],
[
37.107696533203125,
-1.0529116188261558
],
[
37.122459411621094,
-1.0592620108582287
],
[
37.14923858642578,
-1.0604634349162316
],
[
37.148895263671875,
-1.0522250891816005
],
[
37.13155746459961,
-1.051366926913458
],
[
37.12331771850586,
-1.0549712068523078
],
[
37.11645126342773,
-1.0433001900892416
],
[
37.110958099365234,
-1.0431285571655753
],
[
37.10203170776367,
-1.0364348658559326
],
[
37.095680236816406,
-1.0378079318963302
],
[
37.068729400634766,
-1.0244205126966328
]
