1057236216268144640
537689497
1130917897637957634
326099959
427445790
110678395
1139796727140102144
1317492464433889281
38679987
1058706515366961152
45518869
1014897456574861312
4117995952
1222060006687887360
1131790575366266880
4919844767
942812647245930496
1150496248945766400
1288162768131063810
1103150186
1328979919964147712
1672366994
390672437
222785534
837010830
80550457
804355322127282176
476136220
461121509
848760864
138716355
1678882022
350304033
260194188
1007402498
3166398389
2244632578
2891762997
866720088
518830340
2729577578
2641825077
490300158
1245283001635876865
1005026234349379584
3019860003
361223022
408669178
21552415
1394694518
900282413154172928
2931688143
478733019
486398257
740533084060258304
411471430
84932503
1639939622
3247188121
1351164373
1205504677443461120
1314630904275439616
987419537871196165
85594909
134747916
908359882402824192
753792414440185856
2348449791
430768368
317022177
1339966164601102336
277228626
917410866
1278695275771629568
1027205556329766912
1343617378794541056
2559355864
33836399
284380857
